Order	0-1	1-2	2-3	3-4	4-5	5-6	6-7	7-8	8-9	9-10	10-11	11-12	12-13	13-14	14-15	15-16	16-17	17-18	18-19	19-20	20-21	21-22	22-23	23-24	24-25	25-26	26-27	27-28	28-29	29-30	30-31	31-32	32-33	33-34	34-35	35-36	36-37	37-38	38-39	39-40	40-41	41-42	42-43	43-44	47-48	49-50
Unknown	0.002	0.001	0.003	0.005	0.005	0.009	0.012	0.014	0.018	0.023	0.029	0.034	0.039	0.047	0.052	0.059	0.064	0.068	0.07	0.065	0.068	0.062	0.053	0.046	0.036	0.032	0.024	0.018	0.014	0.009	0.006	0.004	0.003	0.002	0.001	0.001	0.001	0.0	0.0	0.0	0.0	0.0	0.0	0	0	0
ClassI:LTR	0.002	0.001	0.003	0.004	0.006	0.011	0.013	0.015	0.021	0.024	0.025	0.032	0.035	0.042	0.046	0.05	0.055	0.056	0.06	0.059	0.06	0.058	0.054	0.05	0.045	0.041	0.037	0.027	0.023	0.016	0.011	0.007	0.005	0.003	0.002	0.001	0.0	0.0	0.0	0	0	0.0	0	0.0	0	0
ClassI:LINE	0.0	0.0	0.0	0.0	0.0	0.001	0.002	0.002	0.002	0.003	0.005	0.005	0.007	0.008	0.011	0.013	0.017	0.019	0.024	0.034	0.044	0.055	0.063	0.078	0.092	0.102	0.107	0.096	0.073	0.06	0.035	0.021	0.011	0.005	0.003	0.001	0.0	0	0	0	0	0	0	0	0	0
Simple_repeat	0.168	0.0	0.004	0.019	0.057	0.047	0.013	0.026	0.038	0.047	0.032	0.029	0.04	0.053	0.038	0.034	0.04	0.032	0.036	0.033	0.032	0.032	0.027	0.025	0.024	0.018	0.015	0.012	0.01	0.006	0.005	0.003	0.002	0.001	0.001	0.001	0.001	0.0	0.0	0.0	0.0	0.0	0	0	0	0.0
Low_complexity	0.0	0	0.0	0.003	0.001	0.002	0.005	0.012	0.01	0.012	0.023	0.03	0.038	0.036	0.047	0.064	0.078	0.059	0.068	0.067	0.066	0.063	0.059	0.047	0.05	0.035	0.03	0.027	0.019	0.012	0.01	0.008	0.005	0.004	0.003	0.003	0.001	0.001	0.001	0.0	0.0	0	0	0	0.0	0
Pseudogene:RNA	0.02	0	0.02	0	0.041	0.041	0.02	0	0	0	0.041	0.061	0.061	0.143	0.02	0.041	0.082	0.02	0.082	0.102	0.041	0.02	0	0.061	0.02	0	0.02	0	0.02	0	0	0.02	0	0	0	0	0	0	0	0	0	0	0	0	0	0
ClassII:Rolling_Circle	0.006	0	0.002	0.006	0.017	0.015	0.029	0.041	0.041	0.044	0.037	0.077	0.079	0.044	0.046	0.054	0.052	0.039	0.015	0.025	0.037	0.037	0.029	0.029	0.037	0.019	0.021	0.031	0.012	0.029	0.017	0.017	0.004	0.004	0.004	0.002	0	0	0.002	0	0	0	0	0	0	0
ClassII:TIR	0.002	0.0	0.002	0.004	0.004	0.006	0.005	0.008	0.012	0.011	0.016	0.018	0.023	0.029	0.037	0.051	0.056	0.062	0.069	0.073	0.081	0.071	0.07	0.058	0.051	0.043	0.038	0.026	0.023	0.017	0.015	0.008	0.006	0.002	0.001	0.0	0.0	0.0	0	0	0	0	0	0	0	0
ClassI:SINE	0.008	0.003	0.006	0.008	0.014	0.019	0.021	0.029	0.022	0.039	0.029	0.039	0.038	0.054	0.038	0.046	0.035	0.049	0.057	0.056	0.063	0.045	0.043	0.046	0.049	0.042	0.022	0.026	0.014	0.008	0.008	0.006	0.01	0.006	0.001	0	0.001	0	0	0	0	0	0	0	0	0
