Order	0-1	1-2	2-3	3-4	4-5	5-6	6-7	7-8	8-9	9-10	10-11	11-12	12-13	13-14	14-15	15-16	16-17	17-18	18-19	19-20	20-21	21-22	22-23	23-24	24-25	25-26	26-27	27-28	28-29	29-30	30-31	31-32	32-33	33-34	34-35	35-36	36-37	37-38	38-39	39-40	40-41	41-42	42-43	43-44	44-45	45-46	46-47	48-49
ClassI:LTR	0.013	0.008	0.01	0.018	0.017	0.019	0.022	0.024	0.029	0.032	0.036	0.038	0.04	0.042	0.047	0.047	0.048	0.051	0.048	0.047	0.047	0.042	0.039	0.035	0.03	0.029	0.027	0.024	0.024	0.019	0.016	0.012	0.008	0.005	0.003	0.002	0.001	0.0	0.0	0.0	0.0	0	0	0	0	0	0	0
Simple_repeat	0.165	0.004	0.013	0.025	0.04	0.027	0.015	0.026	0.031	0.031	0.027	0.027	0.036	0.041	0.038	0.036	0.038	0.036	0.04	0.038	0.038	0.038	0.033	0.028	0.029	0.023	0.018	0.016	0.013	0.009	0.007	0.005	0.003	0.002	0.002	0.001	0.001	0.0	0.0	0.0	0.0	0.0	0.0	0.0	0	0.0	0.0	0
ClassII:TIR	0.003	0.003	0.006	0.01	0.014	0.018	0.021	0.024	0.026	0.029	0.034	0.036	0.041	0.046	0.049	0.051	0.056	0.056	0.06	0.059	0.06	0.054	0.049	0.041	0.036	0.032	0.025	0.018	0.013	0.01	0.007	0.005	0.003	0.002	0.001	0.001	0.0	0.0	0.0	0.0	0.0	0	0	0	0	0	0	0
Unknown	0.004	0.005	0.009	0.012	0.015	0.022	0.025	0.028	0.031	0.034	0.035	0.038	0.041	0.046	0.049	0.052	0.056	0.058	0.059	0.056	0.057	0.052	0.045	0.039	0.031	0.028	0.021	0.015	0.012	0.008	0.006	0.004	0.003	0.002	0.001	0.0	0.0	0.0	0.0	0	0	0.0	0	0	0	0	0	0
ClassI:SINE	0.0	0	0.001	0.002	0.003	0.006	0.009	0.013	0.019	0.018	0.02	0.021	0.023	0.027	0.035	0.035	0.037	0.044	0.046	0.051	0.053	0.061	0.059	0.062	0.062	0.068	0.049	0.046	0.04	0.034	0.018	0.013	0.012	0.007	0.002	0.001	0.0	0.0	0.0	0	0	0	0	0	0	0	0	0
Low_complexity	0.0	0	0.0	0.002	0.001	0.002	0.004	0.008	0.012	0.013	0.021	0.025	0.035	0.036	0.046	0.054	0.062	0.061	0.067	0.061	0.064	0.069	0.059	0.051	0.052	0.043	0.035	0.031	0.024	0.02	0.013	0.011	0.006	0.005	0.003	0.002	0.001	0.001	0.001	0.0	0.0	0.0	0.0	0	0.0	0	0	0.0
ClassII:Rolling_Circle	0.001	0.002	0.003	0.007	0.009	0.015	0.02	0.025	0.027	0.031	0.028	0.031	0.03	0.04	0.039	0.043	0.044	0.044	0.043	0.037	0.039	0.04	0.036	0.034	0.036	0.046	0.042	0.037	0.039	0.042	0.027	0.022	0.015	0.009	0.006	0.006	0.001	0.001	0.0	0	0	0	0	0	0	0	0	0
ClassI:LINE	0.002	0.001	0.002	0.002	0.005	0.006	0.007	0.009	0.01	0.012	0.014	0.016	0.019	0.022	0.021	0.028	0.029	0.033	0.037	0.04	0.045	0.05	0.056	0.062	0.064	0.071	0.073	0.068	0.058	0.047	0.036	0.024	0.015	0.008	0.004	0.002	0.001	0.0	0.0	0	0	0	0	0	0	0	0	0
Satellite	0.006	0.013	0.034	0.059	0.045	0.036	0.028	0.035	0.016	0.023	0.011	0.015	0.016	0.02	0.016	0.026	0.038	0.05	0.064	0.062	0.061	0.061	0.067	0.062	0.04	0.039	0.022	0.018	0.009	0.004	0.003	0	0	0	0	0	0	0	0	0	0	0	0	0	0	0	0	0
