Order	0-1	1-2	2-3	3-4	4-5	5-6	6-7	7-8	8-9	9-10	10-11	11-12	12-13	13-14	14-15	15-16	16-17	17-18	18-19	19-20	20-21	21-22	22-23	23-24	24-25	25-26	26-27	27-28	28-29	29-30	30-31	31-32	32-33	33-34	34-35	35-36	36-37	37-38	38-39	39-40	40-41	41-42	42-43	43-44	44-45	45-46	52-53
Low_complexity	0.0	0	0.0	0.002	0.001	0.002	0.005	0.008	0.009	0.011	0.02	0.024	0.034	0.033	0.045	0.053	0.062	0.059	0.068	0.065	0.069	0.068	0.058	0.056	0.052	0.046	0.035	0.03	0.025	0.02	0.013	0.008	0.007	0.005	0.003	0.002	0.001	0.001	0.0	0.0	0.0	0.0	0.0	0.0	0.0	0.0	0.0
Unknown	0.002	0.003	0.004	0.005	0.007	0.01	0.012	0.015	0.018	0.021	0.026	0.03	0.035	0.042	0.047	0.054	0.06	0.065	0.066	0.065	0.065	0.06	0.056	0.049	0.042	0.037	0.029	0.022	0.016	0.012	0.008	0.006	0.004	0.002	0.001	0.001	0.001	0.0	0.0	0.0	0.0	0.0	0.0	0	0	0	0
ClassI:LTR	0.002	0.003	0.004	0.006	0.009	0.012	0.017	0.022	0.026	0.03	0.034	0.037	0.042	0.047	0.05	0.054	0.056	0.057	0.06	0.058	0.058	0.056	0.051	0.045	0.037	0.031	0.024	0.02	0.016	0.012	0.009	0.006	0.004	0.003	0.001	0.001	0.0	0.0	0.0	0.0	0.0	0.0	0.0	0	0.0	0	0
Simple_repeat	0.114	0.001	0.008	0.019	0.036	0.025	0.013	0.024	0.031	0.034	0.028	0.029	0.039	0.045	0.042	0.039	0.043	0.04	0.046	0.042	0.043	0.043	0.038	0.034	0.034	0.026	0.02	0.019	0.014	0.01	0.007	0.005	0.004	0.002	0.001	0.001	0.001	0.0	0.0	0.0	0.0	0.0	0.0	0	0.0	0.0	0
ClassII:TIR	0.004	0.005	0.006	0.007	0.01	0.013	0.018	0.022	0.025	0.028	0.035	0.04	0.045	0.047	0.05	0.051	0.051	0.052	0.052	0.05	0.051	0.051	0.046	0.042	0.038	0.037	0.029	0.026	0.02	0.014	0.011	0.007	0.005	0.004	0.002	0.001	0.0	0.0	0.0	0.0	0	0.0	0	0.0	0	0	0
ClassI:LINE	0.001	0.001	0.002	0.002	0.004	0.004	0.005	0.006	0.009	0.01	0.012	0.012	0.015	0.016	0.018	0.02	0.023	0.024	0.029	0.03	0.038	0.04	0.046	0.056	0.061	0.078	0.078	0.083	0.075	0.067	0.05	0.037	0.026	0.014	0.006	0.003	0.001	0.0	0.0	0.0	0	0	0	0	0	0	0
Pseudogene:RNA	0.013	0.022	0.033	0.033	0.062	0.046	0.073	0.049	0.071	0.073	0.06	0.042	0.033	0.038	0.035	0.044	0.018	0.022	0.02	0.06	0.031	0.02	0.011	0.02	0.011	0.002	0.013	0.011	0.009	0.011	0.009	0.004	0	0	0.002	0	0	0	0	0	0	0	0	0	0	0	0
ClassI:SINE	0.005	0.01	0.01	0.033	0.027	0.047	0.053	0.037	0.021	0.02	0.015	0.027	0.021	0.025	0.027	0.032	0.039	0.032	0.055	0.056	0.066	0.076	0.069	0.054	0.054	0.037	0.028	0.014	0.008	0.004	0	0	0.001	0	0	0	0	0	0	0	0	0	0	0	0	0	0
ClassII:Rolling_Circle	0	0	0	0	0.013	0.018	0.027	0.036	0.036	0.058	0.049	0.062	0.036	0.08	0.071	0.085	0.071	0.067	0.054	0.031	0.013	0.013	0.013	0.018	0.018	0.018	0.004	0.009	0.022	0.009	0.022	0.013	0.013	0.009	0	0	0.004	0.004	0	0	0	0	0	0	0	0	0
