Order	0-1	1-2	2-3	3-4	4-5	5-6	6-7	7-8	8-9	9-10	10-11	11-12	12-13	13-14	14-15	15-16	16-17	17-18	18-19	19-20	20-21	21-22	22-23	23-24	24-25	25-26	26-27	27-28	28-29	29-30	30-31	31-32	32-33	33-34	34-35	35-36	36-37	37-38	38-39	39-40	40-41	41-42	42-43	44-45	45-46
ClassI:SINE	0.063	0	0.026	0.037	0.011	0.026	0.005	0.037	0.084	0.037	0.074	0.063	0.026	0.058	0.068	0.053	0.032	0.042	0.074	0.037	0.032	0.021	0.016	0.016	0.016	0.021	0.005	0	0.005	0	0.005	0.005	0.005	0	0	0	0	0	0	0	0	0	0	0	0
Low_complexity	0.0	0	0.001	0.002	0.001	0.003	0.006	0.01	0.011	0.013	0.019	0.026	0.033	0.036	0.044	0.068	0.071	0.067	0.073	0.065	0.065	0.061	0.057	0.049	0.044	0.037	0.029	0.023	0.02	0.016	0.012	0.011	0.009	0.005	0.004	0.004	0.002	0.001	0.0	0.001	0.0	0.0	0.0	0	0
Simple_repeat	0.122	0.005	0.019	0.028	0.037	0.025	0.02	0.028	0.031	0.031	0.029	0.03	0.036	0.037	0.036	0.037	0.038	0.038	0.039	0.037	0.039	0.038	0.035	0.033	0.03	0.026	0.022	0.019	0.014	0.012	0.009	0.007	0.005	0.004	0.002	0.001	0.001	0.0	0.0	0.0	0.0	0	0.0	0.0	0.0
ClassII:TIR	0.149	0.03	0.012	0.012	0.01	0.01	0.008	0.006	0.011	0.005	0.014	0.011	0.015	0.016	0.022	0.025	0.033	0.032	0.036	0.044	0.039	0.043	0.056	0.054	0.06	0.055	0.042	0.039	0.032	0.028	0.022	0.016	0.009	0.002	0.002	0	0.001	0	0	0	0	0	0	0	0
Unknown	0.092	0.078	0.063	0.053	0.037	0.032	0.035	0.034	0.029	0.03	0.03	0.029	0.023	0.02	0.02	0.048	0.027	0.03	0.041	0.051	0.04	0.034	0.035	0.024	0.014	0.013	0.013	0.011	0.006	0.005	0.002	0.002	0.001	0.0	0	0	0	0	0	0	0	0	0	0	0
ClassI:LINE	0.031	0.024	0.017	0.02	0.04	0.013	0.016	0.016	0.013	0.012	0.012	0.012	0.016	0.018	0.024	0.032	0.04	0.049	0.05	0.063	0.068	0.067	0.07	0.068	0.055	0.053	0.036	0.025	0.016	0.009	0.006	0.003	0.001	0.001	0.0	0.0	0	0	0	0	0	0	0	0	0
ClassI:LTR	0.123	0.048	0.036	0.011	0.011	0.019	0.005	0.005	0.011	0.008	0.015	0.013	0.016	0.02	0.022	0.024	0.034	0.038	0.036	0.049	0.057	0.064	0.067	0.051	0.056	0.043	0.039	0.034	0.017	0.008	0.01	0.005	0.002	0.001	0.001	0	0	0	0	0	0	0	0	0	0
ClassII:Rolling_Circle	0.094	0.113	0.039	0.057	0.018	0.012	0.021	0.006	0.012	0.023	0.023	0.016	0.035	0.041	0.031	0.049	0.057	0.051	0.049	0.047	0.037	0.037	0.025	0.033	0.025	0.016	0.002	0.006	0.008	0.006	0.004	0.004	0	0	0	0	0	0	0	0	0	0	0	0	0
ClassI:DIRS	0	0.038	0	0	0.038	0.026	0.103	0.038	0.051	0.077	0	0.013	0.077	0.013	0.064	0.038	0.026	0.064	0.026	0	0.026	0.026	0.051	0.064	0.013	0	0.026	0.064	0	0.013	0	0.013	0.013	0	0	0	0	0	0	0	0	0	0	0	0
