Order	0-1	1-2	2-3	3-4	4-5	5-6	6-7	7-8	8-9	9-10	10-11	11-12	12-13	13-14	14-15	15-16	16-17	17-18	18-19	19-20	20-21	21-22	22-23	23-24	24-25	25-26	26-27	27-28	28-29	29-30	30-31	31-32	32-33	33-34	34-35	35-36	36-37	37-38	38-39	39-40	40-41	41-42	46-47	51-52	52-53	58-59
Simple_repeat	0.105	0.002	0.01	0.021	0.034	0.028	0.016	0.025	0.028	0.032	0.028	0.031	0.036	0.039	0.039	0.039	0.042	0.042	0.046	0.041	0.043	0.044	0.042	0.035	0.035	0.028	0.023	0.021	0.013	0.011	0.007	0.005	0.003	0.002	0.002	0.001	0.001	0.0	0.0	0.0	0.0	0.0	0	0	0	0
ClassI:LINE	0.012	0.017	0.048	0.062	0.054	0.058	0.046	0.042	0.051	0.036	0.045	0.031	0.027	0.033	0.033	0.03	0.033	0.029	0.036	0.027	0.032	0.031	0.033	0.022	0.033	0.018	0.019	0.017	0.015	0.011	0.006	0.01	0.002	0.002	0.001	0.002	0	0	0	0	0	0	0	0	0	0
Low_complexity	0.001	0	0.0	0.002	0.002	0.006	0.006	0.011	0.017	0.024	0.025	0.028	0.048	0.047	0.053	0.07	0.074	0.065	0.07	0.054	0.061	0.045	0.057	0.037	0.045	0.034	0.026	0.021	0.019	0.012	0.011	0.004	0.005	0.006	0.003	0	0.001	0.0	0.002	0.001	0.0	0.001	0.0	0.0	0.0	0.0
Unknown	0.029	0.013	0.022	0.024	0.033	0.03	0.032	0.035	0.042	0.04	0.04	0.045	0.047	0.051	0.051	0.041	0.047	0.044	0.044	0.042	0.04	0.04	0.036	0.031	0.027	0.019	0.018	0.012	0.009	0.006	0.005	0.002	0.001	0.001	0.0	0	0	0	0	0	0	0	0	0	0	0
ClassII:TIR	0.009	0.008	0.013	0.015	0.043	0.048	0.036	0.041	0.036	0.055	0.045	0.048	0.052	0.071	0.11	0.057	0.059	0.049	0.044	0.046	0.032	0.019	0.025	0.014	0.01	0.005	0.006	0.003	0	0	0	0	0	0	0	0	0	0	0	0	0	0	0	0	0	0
ClassII:Circular_dsDNA	0	0	0	0	0.042	0	0	0	0	0.083	0	0.125	0.083	0.125	0.125	0.125	0.042	0.042	0	0	0.042	0.042	0.125	0	0	0	0	0	0	0	0	0	0	0	0	0	0	0	0	0	0	0	0	0	0	0
ClassI:LTR	0.012	0.091	0.05	0.026	0.022	0.028	0.046	0.024	0.036	0.024	0.038	0.04	0.038	0.036	0.052	0.044	0.02	0.065	0.071	0.036	0.02	0.046	0.028	0.022	0.028	0.022	0.012	0.01	0.008	0.002	0.006	0.002	0	0	0	0	0	0	0	0	0	0	0	0	0	0
ClassI:DIRS	0.073	0.022	0.025	0.083	0.026	0.023	0.051	0.029	0.04	0.029	0.039	0.04	0.043	0.026	0.057	0.045	0.045	0.052	0.054	0.059	0.023	0.023	0.019	0.02	0.022	0.023	0.009	0	0	0	0	0	0	0	0	0	0	0	0	0	0	0	0	0	0	0
Satellite	0.043	0.043	0.174	0.13	0.174	0	0.13	0.043	0.087	0.043	0.043	0.043	0	0	0	0	0	0	0.043	0	0	0	0	0	0	0	0	0	0	0	0	0	0	0	0	0	0	0	0	0	0	0	0	0	0	0
